CHIP 11267 10450
HARDMODULE 5
PAD_D0 4
620 7800
0 7800
0 9600
620 9600
1116000
0 7800 620 1800
PAD_D1 4
620 1500
0 1500
0 3300
620 3300
1116000
0 1500 620 1800
PAD_D2 4
11267 7808
10647 7808
10647 9608
11267 9608
1116000
10647 7808 620 1800
PAD_D3 4
11267 1500
10647 1500
10647 3300
11267 3300
1116000
10647 1500 620 1800
PAD_U0 4
8700 9830
6000 9830
6000 10450
8700 10450
1674000
6000 9830 2700 620
SOFTMODULE 15
COM 18
8699 8328
9207 8328
9207 5837
8057 5837
8057 5836
6085 5836
6085 5824
6043 5824
6043 7479
6044 7479
6044 7489
6042 7489
6042 8122
6044 8122
6044 8545
7124 8545
7124 9529
8699 9529
10000000
6042 5824 3165 3705
6044 5837
GPU 12
8057 3300
9287 3300
9287 1500
8832 1500
8832 0
4472 0
4472 4359
6085 4359
6085 4358
7574 4358
7574 4359
8057 4359
19000000
4472 0 4815 4359
4472 0
CPU 12
3621 7388
4472 7388
4472 5824
4473 5824
4473 4359
4472 4359
4472 2867
620 2867
620 3300
0 3300
0 7406
3621 7406
20000000
0 2867 4473 4539
0 2915
NPU 6
11267 3300
8057 3300
8057 5837
9207 5837
9207 6884
11267 6884
10300000
8057 3300 3210 3584
8057 3300
IS0 4
3619 7406
620 7406
620 10408
3619 10408
9000000
620 7406 2999 3002
620 7406
IS1 10
10821 9608
10647 9608
10647 8172
9207 8172
9207 8328
8699 8328
8699 9830
8700 9830
8700 10450
10821 10450
4500000
8699 8172 2122 2278
8699 8328
H0 4
6043 5824
4472 5824
4472 7479
6043 7479
2600000
4472 5824 1571 1655
4472 5824
H1 4
6064 4359
4562 4359
4562 5824
6064 5824
2200000
4562 4359 1502 1465
4562 4359
H2 4
7574 4358
6085 4358
6085 5836
7574 5836
2200000
6085 4358 1489 1478
6085 4358
U0 4
6042 7489
5409 7489
5409 8122
6042 8122
400000
5409 7489 633 633
5409 7489
D0 4
5367 7479
4472 7479
4472 8374
5367 8374
800000
4472 7479 895 895
4472 7479
D1 4
4472 7388
3621 7388
3621 8329
4472 8329
800000
3621 7388 851 941
3621 7388
E0 4
7124 8545
5839 8545
5839 9830
7124 9830
1650000
5839 8545 1285 1285
5839 8545
A0 4
4472 8329
3839 8329
3839 8962
4472 8962
400000
3839 8329 633 633
3839 8329
PW0 4
5839 8374
4512 8374
4512 9701
5839 9701
1760000
4512 8374 1327 1327
4512 8374
CONNECTIONS 45
A0 H0 500
IS0 H0 300
H0 H1 3800
H0 H2 3100
GPU H2 1800
GPU H1 1100
GPU H0 650
COM H2 1000
COM H1 1000
COM H0 950
CPU H2 1500
CPU H1 2000
CPU H0 1900
NPU H2 2200
NPU H1 3000
NPU H0 200
PW0 H0 1000
PW0 H1 50
PW0 H2 50
PW0 IS0 50
PW0 U0 50
PW0 D0 50
PW0 D1 50
PW0 A0 50
PW0 GPU 50
PW0 NPU 50
PW0 CPU 50
PW0 COM 50
U0 H0 1600
D0 H0 1250
D1 H0 770
PAD_D0 H1 1000
PAD_D1 H1 1000
PAD_D2 H2 1000
PAD_D3 H2 1000
PAD_U0 U0 50
IS0 IS1 66
E0 H0 150
E0 H1 150
E0 H2 150
E0 PAD_D0 1000
E0 PAD_D1 1000
E0 PAD_D2 1000
E0 PAD_D3 1000
E0 PAD_U0 500
